1000
367 4 0 0 0
584 2 0 0 0
624 5 0 0 0
8 3 0 0 0
715 5 0 0 0
504 5 0 0 0
208 5 0 0 0
136 3 0 0 0
598 4 0 0 0
648 1 0 0 0
513 1 0 0 0
708 2 0 0 0
759 2 0 0 0
484 4 0 0 0
795 5 0 0 0
359 4 0 0 0
183 3 0 0 0
671 3 0 0 0
536 5 0 0 0
143 2 0 0 0
372 4 0 0 0
934 5 0 0 0
129 4 0 0 0
275 4 0 0 0
537 3 0 0 0
584 3 0 0 0
689 1 0 0 0
619 1 0 0 0
498 3 0 0 0
445 3 0 0 0
268 3 0 0 0
855 1 0 0 0
855 5 0 0 0
103 3 0 0 0
161 1 0 0 0
659 1 0 0 0
971 2 0 0 0
921 3 0 0 0
908 2 0 0 0
998 2 0 0 0
199 1 0 0 0
21 1 0 0 0
962 3 0 0 0
37 4 0 0 0
48 1 0 0 0
938 1 0 0 0
653 1 0 0 0
105 3 0 0 0
800 2 0 0 0
371 5 0 0 0
911 3 0 0 0
168 1 0 0 0
232 5 0 0 0
142 1 0 0 0
329 5 0 0 0
830 2 0 0 0
673 5 0 0 0
115 3 0 0 0
423 5 0 0 0
310 2 0 0 0
187 5 0 0 0
217 5 0 0 0
78 1 0 0 0
114 1 0 0 0
181 1 0 0 0
194 1 0 0 0
966 5 0 0 0
180 4 0 0 0
825 4 0 0 0
953 4 0 0 0
692 3 0 0 0
99 4 0 0 0
473 3 0 0 0
206 1 0 0 0
119 1 0 0 0
597 4 0 0 0
78 3 0 0 0
626 3 0 0 0
810 3 0 0 0
408 4 0 0 0
661 1 0 0 0
480 1 0 0 0
456 5 0 0 0
522 3 0 0 0
765 4 0 0 0
987 3 0 0 0
412 2 0 0 0
206 2 0 0 0
900 2 0 0 0
320 5 0 0 0
743 5 0 0 0
104 5 0 0 0
683 1 0 0 0
831 3 0 0 0
62 1 0 0 0
353 3 0 0 0
858 3 0 0 0
551 5 0 0 0
357 4 0 0 0
744 2 0 0 0
622 2 0 0 0
294 2 0 0 0
268 5 0 0 0
38 1 0 0 0
985 3 0 0 0
657 1 0 0 0
362 3 0 0 0
767 5 0 0 0
28 4 0 0 0
783 3 0 0 0
350 3 0 0 0
259 1 0 0 0
219 2 0 0 0
325 2 0 0 0
240 2 0 0 0
69 5 0 0 0
509 4 0 0 0
723 1 0 0 0
521 4 0 0 0
925 2 0 0 0
523 3 0 0 0
408 3 0 0 0
64 3 0 0 0
531 3 0 0 0
894 3 0 0 0
813 1 0 0 0
948 3 0 0 0
646 4 0 0 0
391 4 0 0 0
522 5 0 0 0
753 5 0 0 0
219 1 0 0 0
291 2 0 0 0
71 4 0 0 0
841 2 0 0 0
860 3 0 0 0
253 3 0 0 0
699 5 0 0 0
435 5 0 0 0
84 5 0 0 0
116 3 0 0 0
380 4 0 0 0
122 2 0 0 0
300 1 0 0 0
79 4 0 0 0
136 1 0 0 0
870 5 0 0 0
537 3 0 0 0
830 1 0 0 0
23 3 0 0 0
418 4 0 0 0
238 1 0 0 0
931 1 0 0 0
200 1 0 0 0
538 3 0 0 0
928 2 0 0 0
721 4 0 0 0
988 2 0 0 0
59 1 0 0 0
42 3 0 0 0
794 2 0 0 0
34 3 0 0 0
163 2 0 0 0
66 4 0 0 0
407 1 0 0 0
947 1 0 0 0
818 5 0 0 0
782 4 0 0 0
273 1 0 0 0
328 5 0 0 0
635 2 0 0 0
250 3 0 0 0
370 3 0 0 0
359 4 0 0 0
26 3 0 0 0
117 1 0 0 0
564 2 0 0 0
160 1 0 0 0
977 2 0 0 0
10 3 0 0 0
195 4 0 0 0
569 1 0 0 0
208 1 0 0 0
624 3 0 0 0
859 3 0 0 0
924 1 0 0 0
403 4 0 0 0
387 2 0 0 0
143 5 0 0 0
265 5 0 0 0
759 2 0 0 0
148 5 0 0 0
353 4 0 0 0
534 1 0 0 0
589 1 0 0 0
581 1 0 0 0
464 1 0 0 0
498 4 0 0 0
134 3 0 0 0
701 1 0 0 0
197 5 0 0 0
28 4 0 0 0
673 1 0 0 0
619 1 0 0 0
870 5 0 0 0
676 5 0 0 0
324 3 0 0 0
172 3 0 0 0
347 5 0 0 0
160 4 0 0 0
158 3 0 0 0
965 5 0 0 0
125 2 0 0 0
764 4 0 0 0
743 2 0 0 0
132 3 0 0 0
445 3 0 0 0
452 2 0 0 0
786 4 0 0 0
407 5 0 0 0
277 2 0 0 0
673 4 0 0 0
880 4 0 0 0
324 2 0 0 0
46 2 0 0 0
787 3 0 0 0
527 5 0 0 0
461 3 0 0 0
981 4 0 0 0
334 5 0 0 0
447 3 0 0 0
884 2 0 0 0
387 5 0 0 0
723 1 0 0 0
712 1 0 0 0
213 2 0 0 0
127 2 0 0 0
821 1 0 0 0
107 1 0 0 0
204 5 0 0 0
656 3 0 0 0
134 3 0 0 0
333 2 0 0 0
607 2 0 0 0
656 3 0 0 0
663 1 0 0 0
765 3 0 0 0
133 2 0 0 0
590 4 0 0 0
793 2 0 0 0
734 1 0 0 0
21 3 0 0 0
295 5 0 0 0
762 4 0 0 0
869 3 0 0 0
968 2 0 0 0
626 5 0 0 0
243 2 0 0 0
57 1 0 0 0
521 3 0 0 0
332 4 0 0 0
807 1 0 0 0
931 2 0 0 0
613 2 0 0 0
2 2 0 0 0
402 5 0 0 0
701 4 0 0 0
447 5 0 0 0
799 1 0 0 0
986 1 0 0 0
978 3 0 0 0
614 4 0 0 0
707 1 0 0 0
450 3 0 0 0
171 4 0 0 0
70 1 0 0 0
760 5 0 0 0
813 2 0 0 0
386 5 0 0 0
770 5 0 0 0
225 2 0 0 0
415 3 0 0 0
990 2 0 0 0
65 5 0 0 0
967 5 0 0 0
902 1 0 0 0
778 1 0 0 0
357 5 0 0 0
799 3 0 0 0
900 4 0 0 0
995 1 0 0 0
320 2 0 0 0
525 3 0 0 0
253 2 0 0 0
580 5 0 0 0
59 1 0 0 0
862 3 0 0 0
479 5 0 0 0
254 4 0 0 0
362 2 0 0 0
31 3 0 0 0
551 1 0 0 0
284 5 0 0 0
270 4 0 0 0
80 5 0 0 0
629 5 0 0 0
587 3 0 0 0
790 5 0 0 0
112 4 0 0 0
496 4 0 0 0
788 3 0 0 0
19 1 0 0 0
218 5 0 0 0
707 1 0 0 0
561 3 0 0 0
554 4 0 0 0
559 5 0 0 0
940 5 0 0 0
531 4 0 0 0
539 5 0 0 0
384 5 0 0 0
902 4 0 0 0
634 2 0 0 0
999 5 0 0 0
759 4 0 0 0
334 5 0 0 0
683 1 0 0 0
724 2 0 0 0
931 2 0 0 0
470 3 0 0 0
82 2 0 0 0
605 3 0 0 0
465 4 0 0 0
934 2 0 0 0
417 3 0 0 0
249 1 0 0 0
882 2 0 0 0
918 2 0 0 0
419 2 0 0 0
420 3 0 0 0
87 4 0 0 0
356 4 0 0 0
578 2 0 0 0
428 1 0 0 0
811 1 0 0 0
339 2 0 0 0
327 1 0 0 0
671 3 0 0 0
670 2 0 0 0
488 2 0 0 0
424 2 0 0 0
863 4 0 0 0
912 2 0 0 0
321 2 0 0 0
214 5 0 0 0
94 1 0 0 0
986 2 0 0 0
961 4 0 0 0
871 4 0 0 0
789 4 0 0 0
150 4 0 0 0
502 1 0 0 0
367 5 0 0 0
162 4 0 0 0
909 5 0 0 0
787 3 0 0 0
784 1 0 0 0
837 2 0 0 0
814 2 0 0 0
370 2 0 0 0
303 3 0 0 0
238 1 0 0 0
803 5 0 0 0
497 5 0 0 0
810 4 0 0 0
813 1 0 0 0
458 3 0 0 0
953 3 0 0 0
80 3 0 0 0
822 5 0 0 0
866 4 0 0 0
265 5 0 0 0
639 5 0 0 0
932 2 0 0 0
620 3 0 0 0
374 2 0 0 0
258 3 0 0 0
32 2 0 0 0
6 2 0 0 0
296 5 0 0 0
630 4 0 0 0
988 5 0 0 0
746 1 0 0 0
910 5 0 0 0
969 4 0 0 0
191 2 0 0 0
760 5 0 0 0
512 2 0 0 0
504 5 0 0 0
11 3 0 0 0
815 2 0 0 0
683 2 0 0 0
765 3 0 0 0
87 5 0 0 0
804 2 0 0 0
770 5 0 0 0
437 1 0 0 0
861 1 0 0 0
94 3 0 0 0
300 4 0 0 0
971 3 0 0 0
503 2 0 0 0
921 3 0 0 0
968 5 0 0 0
121 2 0 0 0
67 4 0 0 0
494 4 0 0 0
286 1 0 0 0
885 4 0 0 0
668 5 0 0 0
336 2 0 0 0
499 1 0 0 0
696 1 0 0 0
138 2 0 0 0
488 2 0 0 0
735 4 0 0 0
9 5 0 0 0
545 2 0 0 0
855 1 0 0 0
583 4 0 0 0
77 2 0 0 0
601 2 0 0 0
40 3 0 0 0
768 5 0 0 0
804 1 0 0 0
928 1 0 0 0
744 4 0 0 0
393 2 0 0 0
777 4 0 0 0
294 3 0 0 0
642 5 0 0 0
731 4 0 0 0
377 2 0 0 0
620 5 0 0 0
62 3 0 0 0
664 4 0 0 0
455 4 0 0 0
794 1 0 0 0
457 1 0 0 0
645 2 0 0 0
619 5 0 0 0
87 2 0 0 0
476 3 0 0 0
863 2 0 0 0
830 4 0 0 0
355 4 0 0 0
759 5 0 0 0
242 4 0 0 0
32 3 0 0 0
688 2 0 0 0
374 5 0 0 0
70 5 0 0 0
643 1 0 0 0
499 3 0 0 0
957 1 0 0 0
951 3 0 0 0
429 2 0 0 0
198 3 0 0 0
148 3 0 0 0
864 4 0 0 0
924 5 0 0 0
485 4 0 0 0
12 2 0 0 0
589 2 0 0 0
379 4 0 0 0
914 4 0 0 0
356 2 0 0 0
633 4 0 0 0
621 5 0 0 0
437 2 0 0 0
738 4 0 0 0
937 4 0 0 0
7 5 0 0 0
326 4 0 0 0
194 3 0 0 0
231 2 0 0 0
591 4 0 0 0
399 5 0 0 0
613 3 0 0 0
7 2 0 0 0
246 3 0 0 0
145 5 0 0 0
451 1 0 0 0
297 2 0 0 0
564 1 0 0 0
473 3 0 0 0
306 1 0 0 0
554 1 0 0 0
29 2 0 0 0
413 3 0 0 0
125 1 0 0 0
452 1 0 0 0
74 2 0 0 0
423 1 0 0 0
816 4 0 0 0
72 3 0 0 0
454 3 0 0 0
252 5 0 0 0
108 3 0 0 0
617 4 0 0 0
318 5 0 0 0
592 4 0 0 0
283 1 0 0 0
524 5 0 0 0
886 4 0 0 0
322 4 0 0 0
51 4 0 0 0
70 5 0 0 0
426 2 0 0 0
693 5 0 0 0
704 3 0 0 0
707 3 0 0 0
192 2 0 0 0
27 5 0 0 0
940 5 0 0 0
283 3 0 0 0
90 4 0 0 0
877 5 0 0 0
620 5 0 0 0
259 5 0 0 0
714 3 0 0 0
325 4 0 0 0
100 2 0 0 0
466 4 0 0 0
420 5 0 0 0
827 3 0 0 0
927 2 0 0 0
688 5 0 0 0
785 5 0 0 0
289 4 0 0 0
427 3 0 0 0
289 1 0 0 0
616 3 0 0 0
376 4 0 0 0
972 3 0 0 0
216 3 0 0 0
270 1 0 0 0
732 2 0 0 0
908 3 0 0 0
547 1 0 0 0
201 5 0 0 0
606 1 0 0 0
556 5 0 0 0
77 1 0 0 0
189 4 0 0 0
413 3 0 0 0
53 1 0 0 0
830 1 0 0 0
920 4 0 0 0
790 5 0 0 0
2 3 0 0 0
33 5 0 0 0
745 3 0 0 0
318 1 0 0 0
788 5 0 0 0
554 2 0 0 0
795 5 0 0 0
770 2 0 0 0
687 3 0 0 0
657 3 0 0 0
68 3 0 0 0
167 2 0 0 0
399 4 0 0 0
281 3 0 0 0
809 1 0 0 0
350 4 0 0 0
551 3 0 0 0
117 2 0 0 0
161 4 0 0 0
891 5 0 0 0
502 3 0 0 0
45 1 0 0 0
937 2 0 0 0
126 3 0 0 0
699 1 0 0 0
130 4 0 0 0
287 4 0 0 0
85 5 0 0 0
871 3 0 0 0
97 1 0 0 0
286 5 0 0 0
448 5 0 0 0
404 1 0 0 0
129 2 0 0 0
558 5 0 0 0
684 4 0 0 0
452 5 0 0 0
234 3 0 0 0
210 5 0 0 0
439 1 0 0 0
137 3 0 0 0
96 1 0 0 0
996 2 0 0 0
496 1 0 0 0
884 2 0 0 0
229 4 0 0 0
223 5 0 0 0
629 4 0 0 0
667 4 0 0 0
30 1 0 0 0
696 2 0 0 0
531 2 0 0 0
152 5 0 0 0
507 3 0 0 0
13 2 0 0 0
131 2 0 0 0
431 4 0 0 0
795 4 0 0 0
868 3 0 0 0
841 1 0 0 0
524 2 0 0 0
117 5 0 0 0
601 2 0 0 0
211 5 0 0 0
951 1 0 0 0
229 4 0 0 0
892 3 0 0 0
190 1 0 0 0
802 5 0 0 0
25 2 0 0 0
793 3 0 0 0
767 3 0 0 0
89 4 0 0 0
984 1 0 0 0
799 1 0 0 0
399 4 0 0 0
281 1 0 0 0
425 3 0 0 0
233 4 0 0 0
448 3 0 0 0
540 2 0 0 0
878 1 0 0 0
137 5 0 0 0
379 3 0 0 0
710 3 0 0 0
148 5 0 0 0
101 4 0 0 0
250 5 0 0 0
278 2 0 0 0
950 3 0 0 0
648 4 0 0 0
181 2 0 0 0
328 2 0 0 0
19 5 0 0 0
545 1 0 0 0
98 5 0 0 0
718 3 0 0 0
356 1 0 0 0
113 3 0 0 0
603 5 0 0 0
545 1 0 0 0
650 4 0 0 0
290 1 0 0 0
469 2 0 0 0
983 5 0 0 0
996 2 0 0 0
661 4 0 0 0
576 4 0 0 0
284 2 0 0 0
752 5 0 0 0
415 2 0 0 0
703 2 0 0 0
896 2 0 0 0
961 1 0 0 0
594 4 0 0 0
361 5 0 0 0
673 5 0 0 0
251 1 0 0 0
343 5 0 0 0
753 4 0 0 0
690 5 0 0 0
211 2 0 0 0
71 1 0 0 0
315 4 0 0 0
318 3 0 0 0
213 5 0 0 0
56 5 0 0 0
608 1 0 0 0
168 1 0 0 0
918 2 0 0 0
671 4 0 0 0
563 5 0 0 0
374 5 0 0 0
15 5 0 0 0
303 2 0 0 0
407 1 0 0 0
828 1 0 0 0
260 5 0 0 0
645 5 0 0 0
333 4 0 0 0
482 1 0 0 0
194 4 0 0 0
286 1 0 0 0
278 5 0 0 0
18 2 0 0 0
792 3 0 0 0
112 3 0 0 0
881 5 0 0 0
939 5 0 0 0
264 3 0 0 0
625 4 0 0 0
584 4 0 0 0
300 1 0 0 0
42 4 0 0 0
974 5 0 0 0
165 3 0 0 0
308 5 0 0 0
124 5 0 0 0
433 1 0 0 0
961 2 0 0 0
55 3 0 0 0
328 1 0 0 0
351 1 0 0 0
357 4 0 0 0
571 5 0 0 0
77 5 0 0 0
407 5 0 0 0
250 3 0 0 0
229 1 0 0 0
722 2 0 0 0
31 5 0 0 0
465 2 0 0 0
334 3 0 0 0
565 5 0 0 0
520 4 0 0 0
374 3 0 0 0
128 5 0 0 0
108 5 0 0 0
650 2 0 0 0
272 4 0 0 0
644 2 0 0 0
293 3 0 0 0
884 5 0 0 0
538 1 0 0 0
228 3 0 0 0
185 5 0 0 0
488 3 0 0 0
820 2 0 0 0
744 1 0 0 0
611 4 0 0 0
700 1 0 0 0
96 4 0 0 0
504 1 0 0 0
211 5 0 0 0
312 3 0 0 0
483 4 0 0 0
144 3 0 0 0
323 1 0 0 0
404 3 0 0 0
705 1 0 0 0
335 4 0 0 0
190 2 0 0 0
6 2 0 0 0
313 2 0 0 0
848 5 0 0 0
331 2 0 0 0
131 4 0 0 0
296 2 0 0 0
568 1 0 0 0
577 1 0 0 0
111 2 0 0 0
109 2 0 0 0
14 2 0 0 0
132 4 0 0 0
973 2 0 0 0
831 1 0 0 0
157 4 0 0 0
451 2 0 0 0
517 2 0 0 0
555 2 0 0 0
961 3 0 0 0
14 5 0 0 0
741 5 0 0 0
868 4 0 0 0
499 1 0 0 0
62 3 0 0 0
733 1 0 0 0
711 5 0 0 0
246 1 0 0 0
834 3 0 0 0
191 1 0 0 0
361 1 0 0 0
331 5 0 0 0
991 3 0 0 0
887 3 0 0 0
920 2 0 0 0
121 1 0 0 0
808 4 0 0 0
73 2 0 0 0
980 3 0 0 0
764 1 0 0 0
416 4 0 0 0
185 1 0 0 0
930 2 0 0 0
654 2 0 0 0
789 2 0 0 0
167 2 0 0 0
723 2 0 0 0
191 1 0 0 0
273 1 0 0 0
249 3 0 0 0
456 5 0 0 0
188 2 0 0 0
739 3 0 0 0
457 4 0 0 0
555 2 0 0 0
628 5 0 0 0
14 3 0 0 0
430 4 0 0 0
605 5 0 0 0
860 2 0 0 0
565 4 0 0 0
522 5 0 0 0
788 3 0 0 0
843 4 0 0 0
742 3 0 0 0
174 2 0 0 0
598 5 0 0 0
305 3 0 0 0
296 5 0 0 0
712 4 0 0 0
720 5 0 0 0
381 3 0 0 0
544 4 0 0 0
991 4 0 0 0
862 3 0 0 0
168 4 0 0 0
912 3 0 0 0
726 1 0 0 0
601 4 0 0 0
359 3 0 0 0
551 3 0 0 0
614 4 0 0 0
555 1 0 0 0
669 4 0 0 0
755 5 0 0 0
810 1 0 0 0
23 3 0 0 0
418 3 0 0 0
716 4 0 0 0
560 3 0 0 0
441 1 0 0 0
486 3 0 0 0
83 5 0 0 0
40 1 0 0 0
196 4 0 0 0
933 3 0 0 0
228 1 0 0 0
67 4 0 0 0
181 4 0 0 0
824 5 0 0 0
730 1 0 0 0
410 4 0 0 0
285 3 0 0 0
649 1 0 0 0
598 5 0 0 0
772 3 0 0 0
199 4 0 0 0
71 2 0 0 0
368 2 0 0 0
579 4 0 0 0
876 2 0 0 0
252 3 0 0 0
882 2 0 0 0
864 5 0 0 0
394 2 0 0 0
433 4 0 0 0
215 2 0 0 0
959 3 0 0 0
347 5 0 0 0
751 2 0 0 0
864 3 0 0 0
5 5 0 0 0
685 5 0 0 0
592 3 0 0 0
322 5 0 0 0
339 1 0 0 0
878 5 0 0 0
605 4 0 0 0
75 1 0 0 0
330 2 0 0 0
995 4 0 0 0
666 1 0 0 0
297 4 0 0 0
9 5 0 0 0
181 4 0 0 0
953 1 0 0 0
483 3 0 0 0
318 4 0 0 0
983 5 0 0 0
446 2 0 0 0
518 1 0 0 0
369 1 0 0 0
47 2 0 0 0
492 4 0 0 0
140 2 0 0 0
198 5 0 0 0
320 2 0 0 0
799 4 0 0 0
79 5 0 0 0
816 2 0 0 0
301 3 0 0 0
97 4 0 0 0
692 4 0 0 0
94 5 0 0 0
298 4 0 0 0
120 1 0 0 0
388 3 0 0 0
637 3 0 0 0
569 2 0 0 0
600 4 0 0 0
82 4 0 0 0
318 4 0 0 0
556 3 0 0 0
670 1 0 0 0
452 5 0 0 0
893 2 0 0 0
477 4 0 0 0
752 4 0 0 0
667 3 0 0 0
728 4 0 0 0
900 5 0 0 0
954 3 0 0 0
539 5 0 0 0
463 4 0 0 0
566 2 0 0 0
790 2 0 0 0
345 3 0 0 0
719 1 0 0 0
718 4 0 0 0
91 3 0 0 0
136 2 0 0 0
632 3 0 0 0
534 5 0 0 0
773 3 0 0 0
803 3 0 0 0
569 2 0 0 0
565 2 0 0 0
977 2 0 0 0
868 4 0 0 0
455 4 0 0 0
736 4 0 0 0
349 1 0 0 0
774 4 0 0 0
72 2 0 0 0
662 3 0 0 0
907 5 0 0 0
375 2 0 0 0
945 4 0 0 0
709 1 0 0 0
983 4 0 0 0
726 5 0 0 0
746 1 0 0 0
750 1 0 0 0
931 3 0 0 0
842 5 0 0 0
562 1 0 0 0
192 3 0 0 0
450 5 0 0 0
566 2 0 0 0
12 4 0 0 0
923 3 0 0 0
508 4 0 0 0
219 5 0 0 0
453 1 0 0 0
230 5 0 0 0
53 2 0 0 0
760 3 0 0 0
189 3 0 0 0
746 5 0 0 0
516 4 0 0 0
868 5 0 0 0
462 2 0 0 0
771 4 0 0 0
55 4 0 0 0
246 3 0 0 0
188 3 0 0 0
90 2 0 0 0
545 4 0 0 0
410 2 0 0 0
222 3 0 0 0
150 5 0 0 0
438 1 0 0 0
774 1 0 0 0
88 3 0 0 0
982 5 0 0 0
213 5 0 0 0
804 1 0 0 0
756 1 0 0 0
774 3 0 0 0
1000
8 6 6 7 4 5 1 8 10 8 9 11 8 8 9 96 11 2 5 11 9 8 8 9 7 7 9 6 8 9 3 9 1 7 1 5 2 9 7 1 8 6 11 6 4 6 8 3 5 3 9 10 5 11 8 9 7 5 1 4 3 8 3 6 10 7 9 5 1 9 10 2 8 5 1 6 2 2 5 2 11 3 9 2 10 6 6 8 3 4 10 11 5 3 7 6 11 10 1 9 4 9 2 10 7 10 10 10 10 3 1 3 11 3 3 7 10 6 9 10 7 7 1 9 1 7 5 11 2 8 4 8 1 1 4 10 10 4 6 11 6 8 4 10 7 5 6 3 7 7 9 5 2 11 10 1 6 5 4 7 3 11 5 9 1 8 8 11 6 11 3 7 11 4 2 3 4 4 5 3 6 11 4 4 10 3 10 2 8 1 6 1 4 9 10 5 5 9 11 3 6 10 3 10 3 9 9 8 1 5 6 9 10 1 2 5 11 7 11 4 6 2 8 6 1 5 1 1 6 11 10 5 5 6 3 9 3 1 4 1 1 3 10 7 9 6 1 3 4 10 11 3 8 9 3 9 1 8 11 5 9 11 4 6 8 3 2 10 6 4 8 3 6 11 9 11 9 8 5 8 7 2 11 8 5 5 10 10 6 3 8 4 9 6 2 2 4 9 9 5 2 7 4 8 6 1 5 11 1 1 2 1 7 10 10 4 5 8 11 1 6 7 6 9 10 10 5 2 8 4 7 10 2 9 7 3 6 7 9 3 2 10 3 9 11 10 8 5 6 6 8 8 6 97 9 10 10 10 11 3 9 10 2 1 4 10 6 8 10 2 1 7 6 96 2 3 11 9 3 7 8 8 1 4 2 10 4 11 4 11 3 2 9 7 6 5 8 1 7 4 2 1 1 5 1 5 9 8 4 6 5 3 2 1 11 4 7 10 7 9 8 8 11 5 1 4 2 11 6 6 4 3 2 4 2 1 8 2 3 8 10 8 9 8 7 4 2 3 1 2 6 2 4 9 2 3 11 1 9 2 6 4 11 8 3 4 1 3 5 1 11 3 9 3 95 7 8 5 9 3 10 1 10 2 2 6 9 3 7 6 7 3 10 9 2 8 10 11 8 7 8 1 6 96 8 5 7 10 9 5 5 6 7 4 8 7 9 4 1 11 10 8 9 8 1 5 4 1 7 5 2 11 11 3 3 9 3 3 8 9 11 2 6 4 6 5 4 10 11 5 3 7 3 5 1 9 11 8 8 5 5 7 5 3 3 11 4 7 2 4 8 7 1 11 10 7 2 10 1 2 1 4 2 3 3 4 3 8 8 11 11 6 4 8 4 2 10 7 10 1 9 7 10 10 1 10 5 7 4 7 7 5 2 6 7 10 11 7 1 6 8 3 11 4 3 6 11 3 10 7 1 5 8 8 3 4 4 11 2 6 9 4 6 11 8 10 4 6 97 11 9 1 6 2 8 7 11 6 5 3 10 6 95 6 5 4 1 7 4 2 3 7 6 3 6 11 6 1 2 7 5 1 3 8 5 8 2 8 7 9 5 4 11 8 3 6 7 6 2 9 7 1 8 9 5 11 2 9 9 2 5 5 11 3 8 9 3 5 2 6 1 7 3 8 2 2 10 2 5 7 7 5 7 1 10 2 10 11 3 10 9 1 2 6 7 1 7 10 2 1 3 3 7 6 5 10 9 2 6 9 7 10 6 10 10 11 10 11 3 10 9 5 1 2 6 3 8 10 8 4 10 7 6 9 3 9 3 5 3 8 1 8 95 6 6 6 11 8 2 8 7 11 10 11 6 11 11 4 10 7 4 3 8 4 11 6 1 6 2 9 9 4 1 10 1 2 1 3 10 6 4 5 4 5 10 1 4 9 4 11 8 3 11 9 2 11 8 6 5 11 6 6 9 3 7 11 9 6 2 11 3 1 8 6 1 3 9 3 11 4 5 8 9 2 3 9 3 10 3 8 11 6 5 11 4 2 7 8 5 10 7 10 5 2 9 5 2 3 6 10 2 6 8 2 6 1 1 3 8 8 5 1 9 2 7 10 1 4 8 5 10 9 8 7 11 6 2 5 6 5 8 1 3 9 1 5 4 2 5 7 6 3 11 2 8 2 2 10 6 1 4 1 2 9 3 10 11 6 7 11 3 5 1 8 8 95 9 11 7 9 8 8 3 1 11 3 6 8 6 6 3 2 1 10 2 5 2 4 11 11 2 5 5 5 6 6 5 1 9 99
